1 1 0.9 1.26 0 0.4000000059604645
1 2 1.0 0.88 0 0.4000000059604645
1 1 0 0.63 0 0
1 1 0 0.49 0 0.0
3 5 1.0 0.44 0 0.0
1 3 0.9 2.52 0 0
1 1 0 0.63 0 0
1 3 1.0 1.26 0 0
1 1 0 0.63 0 0
1 3 1.0 0.49 0 0.10000000149011612
1 4 1.0 1.26 0 0
1 1 0.5 1.26 0 0
1 1 0.9 1.26 0 0.6000000238418579
1 2 1.0 0.88 0 0.0
2 3 1.0 1.76 0 0.6000000238418579
1 2 1.0 1.32 0 0
0 0 0 0 0 0
2 5 1.0 0.88 0 0
1 1 0 0.44 0 0
1 2 1.0 1.8900000000000001 0 0.4000000059604645
2 1 0.9 0.44 1 0
1 2 1.0 0.88 0 0.0
0 0 0 0 0 0
0 0 0 0 0 0
0 0 0 0 0 0
1 0 0 0.0 0 0.0
0 0 0 0 0 0
1 0 0 0.0 0 0
0 0 0 0 0 0
1 0 0 0.0 0 0
1 0 0 0.0 0 0
1 0 0 0.0 0 0
1 0 0 2.0 0 0
1 0 0 0.0 0 0
1 0 0 0.06 0 0
0 0 0 0 0 0
1 0 0 1.12 0 0
1 0 0 0.0 0 0.0
1 0 0 0.0 0 0.0
1 0 0 0.0 0 0
1 1 0.3999999999999999 0.0 0 0
0 0 0 0 0 0
0 0 0 0 0 0
2 2 0 0.0 0 0
0 0 0 0 0 0
1 1 0 0.0 0 0
1 2 0.7 1.32 0 0.0
0 0 0 0 0 0
1 2 0.8 1.6800000000000002 0 0
1 1 0 0.54 0 0.0
1 1 0 0.0 0 0
0 0 0 0 0 0
1 1 0 0.27 0 0
2 4 1.0 0.44 0 0
1 1 1.0 0.0 0 0.10000000149011612
1 1 0 0.0 0 0
0 0 0 0 0 0
2 2 0.9 1.25 0 0
0 0 0 0 0 0
2 2 0.3999999999999999 0.0 0 0.0
1 0 0 0.44 0 0
1 1 0 0.0 0 0.0
1 1 0 0.0 0 0
1 1 0 0.27 0 0
2 4 0.9 1.97 0 0.0
0 0 0 0 0 0
0 0 0 0 0 0
0 0 0 0 0 0
0 0 0 0 0 0
0 0 0 0 0 0
0 0 0 0 0 0
0 0 0 0 0 0
0 0 0 0 0 0
0 0 0 0 0 0
0 0 0 0 0 0
2 0 0 0 1 0
1 0 0 0 1 0
1 0 0 0 1 0
0 0 0 0 0 0
0 0 0 0 0 0
0 0 0 0 0 0
1 0 0 0.81 0 0.0
0 0 0 0 0 0
0 0 0 0 0 0
0 0 0 0 0 0
0 0 0 0 0 0
1 1 1.0 0 1 0.0
0 0 0 0 0 0
0 0 0 0 0 0
0 0 0 0 0 0
1 0 0 0 1 0
0 0 0 0 0 0
0 0 0 0 0 0
0 0 0 0 0 0
2 0 0 0 1 0.0
1 0 0 1.6800000000000002 0 0
0 0 0 0 0 0
1 0 0 0 1 0
1 0 0 0 0 0
0 0 0 0 0 0
0 0 0 0 0 0
0 0 0 0 0 0
0 0 0 0 0 0
0 0 0 0 0 0
0 0 0 0 0 0
0 0 0 0 0 0
0 0 0 0 0 0
0 0 0 0 0 0
2 2 1.0 2.2 0 0
0 0 0 0 0 0
0 0 0 0 0 0
0 0 0 0 0 0
0 0 0 0 0 0
0 0 0 0 0 0
1 0 0 0 1 0
0 0 0 0 0 0
0 0 0 0 0 0
0 0 0 0 0 0
0 0 0 0 0 0
0 0 0 0 0 0
0 0 0 0 0 0
0 0 0 0 0 0
0 0 0 0 0 0
0 0 0 0 0 0
0 0 0 0 0 0
1 0 0 0.0 0 0
0 0 0 0 0 0
1 1 0 0.44 0 0
0 0 0 0 0 0
0 0 0 0 0 0
0 0 0 0 0 0
0 0 0 0 0 0
0 0 0 0 0 0
0 0 0 0 0 0
0 0 0 0 0 0
0 0 0 0 0 0
0 0 0 0 0 0
0 0 0 0 0 0
0 0 0 0 0 0
0 0 0 0 0 0
1 0 0 0.07 0 0
0 0 0 0 0 0
0 0 0 0 0 0
1 0 0 0 1 0
0 0 0 0 0 0
0 0 0 0 0 0
0 0 0 0 0 0
0 0 0 0 0 0
0 0 0 0 0 0
0 0 0 0 0 0
0 0 0 0 0 0
0 0 0 0 0 0
0 0 0 0 0 0
0 0 0 0 0 0
0 0 0 0 0 0
0 0 0 0 0 0
0 0 0 0 0 0
1 0 0 0.0 0 0
0 0 0 0 0 0
1 0 0 0 1 0
1 1 0.9 0.0 0 0.0
0 0 0 0 0 0
0 0 0 0 0 0
0 0 0 0 0 0
1 0 0 0 1 0
0 0 0 0 0 0
0 0 0 0 0 0
0 0 0 0 0 0
0 0 0 0 0 0
0 0 0 0 0 0
0 0 0 0 0 0
0 0 0 0 0 0
1 0 0 0 0 0
0 0 0 0 0 0
0 0 0 0 0 0
0 0 0 0 0 0
0 0 0 0 0 0
0 0 0 0 0 0
0 0 0 0 0 0
0 0 0 0 0 0
0 0 0 0 0 0
0 0 0 0 0 0
0 0 0 0 0 0
0 0 0 0 0 0
0 0 0 0 0 0
0 0 0 0 0 0
0 0 0 0 0 0
0 0 0 0 0 0
2 0 0 0 1 0
2 0 0 0 1 0
0 0 0 0 0 0
0 0 0 0 0 0
2 0 0 0 1 0.10000000149011612
0 0 0 0 0 0
1 0 0 0 1 0
1 0 0 0 1 0.0
1 0 0 0 1 0
1 0 0 0 1 0
1 1 0 1.12 0 0
1 0 0 0 1 0
1 0 0 0 1 0
1 0 0 0 1 0
1 0 0 0 1 0
0 0 0 0 0 0
1 0 0 0 1 0
0 0 0 0 0 0
1 0 0 0 1 0
0 0 0 0 0 0
1 0 0 0 1 0
0 0 0 0 0 0
1 0 0 0 1 0
1 0 0 0 1 0
1 0 0 0 1 0
1 0 0 0 1 0.0
1 1 0.8 0 1 0
2 0 0 0 1 0.20000000298023224
1 0 0 0 1 0
2 1 0.8 1.9 1 0
1 0 0 0 1 0
1 0 0 0 1 0
0 0 0 0 0 0
1 0 0 0 1 0.0
1 0 0 0 1 0
1 1 0.29999999999999993 0 1 0
1 0 0 0 1 0
0 0 0 0 0 0
1 0 0 0 1 0
1 0 0 0 1 0
1 0 0 0 1 0
1 0 0 0 1 0
1 0 0 0 1 0
2 0 0 0.0 1 0.0
1 0 0 0 1 0
2 0 0 0 1 0
1 0 0 0 1 0.0
1 0 0 0 1 0
0 0 0 0 0 0
0 0 0 0 0 0
0 0 0 0 0 0
0 0 0 0 0 0
0 0 0 0 0 0
1 0 0 0 0 0.5
0 0 0 0 0 0
1 0 0 0 0 0.30000001192092896
0 0 0 0 0 0
2 1 0.9 0.56 0 0
0 0 0 0 0 0
0 0 0 0 0 0
2 4 0.8 0.88 0 0
0 0 0 0 0 0
0 0 0 0 0 0
0 0 0 0 0 0
0 0 0 0 0 0
0 0 0 0 0 0
0 0 0 0 0 0
0 0 0 0 0 0
0 0 0 0 0 0
2 0 0 0 1 0.0
0 0 0 0 0 0
0 0 0 0 0 0
0 0 0 0 0 0
0 0 0 0 0 0
0 0 0 0 0 0
1 2 0.6 0.0 0 0
1 0 0 1.16 0 0
1 0 0 0.0 0 0
0 0 0 0 0 0
0 0 0 0 0 0
0 0 0 0 0 0
0 0 0 0 0 0
0 0 0 0 0 0
0 0 0 0 0 0
0 0 0 0 0 0
1 0 0 0.0 0 0
1 1 0.9 0.0 0 0.4000000059604645
0 0 0 0 0 0
0 0 0 0 0 0
0 0 0 0 0 0
0 0 0 0 0 0
0 0 0 0 0 0
0 0 0 0 0 0
0 0 0 0 0 0
0 0 0 0 0 0
0 0 0 0 0 0
0 0 0 0 0 0
0 0 0 0 0 0
0 0 0 0 0 0
1 0 0 3.24 0 0.0
1 2 1.0 0 0 0
0 0 0 0 0 0
1 1 0 0 0 0
1 1 0.9 0 0 0.30000001192092896
1 1 0 0 0 0
0 0 0 0 0 0
1 2 0.6 0 0 0
1 1 0.8 0 0 0
1 3 0.8 0 0 0
1 1 0 0 0 0
3 4 1.0 1.9 0 0
1 2 1.0 0 0 0.0
1 1 0 0 0 0.10000000149011612
1 1 0 0 0 0.0
2 2 0.7 1.62 0 0.5
0 0 0 0 0 0
0 0 0 0 0 0
1 1 0 0 0 0
1 2 0.9 0 1 0.0
0 0 0 0 0 0
0 0 0 0 0 0
2 5 1.0 0.44 0 0.0
1 1 0.8 0 0 0
1 1 0 0 0 0
1 1 0 0 0 0
1 1 0.9 0 0 0.20000000298023224
2 1 1.0 0.0 0 0
1 1 0 0 0 0
1 1 0 0 0 0.0
1 2 1.0 0 0 0
1 1 0 0 0 0
1 1 1.0 0 0 0
1 1 0 0 0 0.0
1 1 0 0 0 0.0
1 1 0.5 0 0 0
1 1 0.8 0 0 0
1 1 1.0 0 0 0.20000000298023224
1 1 0.8 0 0 0
0 0 0 0 0 0
1 1 0 0 0 0.0
1 1 0 0 0 0
1 1 0 0 0 0
1 1 0 0 0 0
1 1 0.9 0 0 0.800000011920929
1 1 0 0 0 0
1 1 0 0 0 0.0
1 1 0 0 0 0
1 1 0.7 0 0 0
1 1 0.9 0 0 0.0
1 1 0 0 0 0
0 0 0 0 0 0
0 0 0 0 0 0
0 0 0 0 0 0
0 0 0 0 0 0
0 0 0 0 0 0
0 0 0 0 0 0
0 0 0 0 0 0
0 0 0 0 0 0
0 0 0 0 0 0
0 0 0 0 0 0
2 0 0 0.0 0 0
0 0 0 0 0 0
0 0 0 0 0 0
0 0 0 0 0 0
0 0 0 0 0 0
0 0 0 0 0 0
0 0 0 0 0 0
0 0 0 0 0 0
0 0 0 0 0 0
0 0 0 0 0 0
0 0 0 0 0 0
0 0 0 0 0 0
0 0 0 0 0 0
0 0 0 0 0 0
0 0 0 0 0 0
0 0 0 0 0 0
0 0 0 0 0 0
1 1 0.29999999999999993 0.0 0 0
0 0 0 0 0 0
0 0 0 0 0 0
0 0 0 0 0 0
0 0 0 0 0 0
0 0 0 0 0 0
0 0 0 0 0 0
0 0 0 0 0 0
0 0 0 0 0 0
0 0 0 0 0 0
0 0 0 0 0 0
0 0 0 0 0 0
0 0 0 0 0 0
0 0 0 0 0 0
1 2 1.0 0.7 0 0
0 0 0 0 0 0
0 0 0 0 0 0
1 0 0 0.73 0 0
0 0 0 0 0 0
0 0 0 0 0 0
0 0 0 0 0 0
0 0 0 0 0 0
0 0 0 0 0 0
0 0 0 0 0 0
0 0 0 0 0 0
0 0 0 0 0 0
0 0 0 0 0 0
1 0 0 0 1 0.0
0 0 0 0 0 0
0 0 0 0 0 0
0 0 0 0 0 0
0 0 0 0 0 0
1 4 1.0 0 0 0.0
0 0 0 0 0 0
0 0 0 0 0 0
0 0 0 0 0 0
0 0 0 0 0 0
0 0 0 0 0 0
2 0 0 0 1 0
0 0 0 0 0 0
1 1 0.09999999999999998 0.0 0 0
0 0 0 0 0 0
1 0 0 0 1 0.0
0 0 0 0 0 0
1 0 0 0 1 0.0
0 0 0 0 0 0
0 0 0 0 0 0
2 0 0 1.0 1 0
0 0 0 0 0 0
1 0 0 0 1 0
1 0 0 0 1 0
0 0 0 0 0 0
0 0 0 0 0 0
0 0 0 0 0 0
1 2 0 0.81 0 0
0 0 0 0 0 0
0 0 0 0 0 0
0 0 0 0 0 0
0 0 0 0 0 0
0 0 0 0 0 0
1 0 0 0.0 0 0
1 0 0 0 1 0
1 0 0 0 1 0
1 2 0.5 0 1 0
2 0 0 0.81 0 0
1 0 0 0 1 0.0
1 0 0 0.58 0 0
0 0 0 0 0 0
2 0 0 0.58 0 0
0 0 0 0 0 0
0 0 0 0 0 0
0 0 0 0 0 0
0 0 0 0 0 0
0 0 0 0 0 0
0 0 0 0 0 0
0 0 0 0 0 0
0 0 0 0 0 0
1 0 0 0.81 0 0.0
0 0 0 0 0 0
0 0 0 0 0 0
0 0 0 0 0 0
0 0 0 0 0 0
0 0 0 0 0 0
0 0 0 0 0 0
0 0 0 0 0 0
0 0 0 0 0 0
0 0 0 0 0 0
0 0 0 0 0 0
0 0 0 0 0 0
1 0 0 0.58 0 0
1 0 0 0.58 0 0
0 0 0 0 0 0
1 0 0 0.58 0 0
0 0 0 0 0 0
0 0 0 0 0 0
0 0 0 0 0 0
0 0 0 0 0 0
0 0 0 0 0 0
0 0 0 0 0 0
0 0 0 0 0 0
0 0 0 0 0 0
0 0 0 0 0 0
0 0 0 0 0 0
0 0 0 0 0 0
0 0 0 0 0 0
0 0 0 0 0 0
0 0 0 0 0 0
0 0 0 0 0 0
0 0 0 0 0 0
1 0 0 0.0 0 0
0 0 0 0 0 0
0 0 0 0 0 0
0 0 0 0 0 0
0 0 0 0 0 0
0 0 0 0 0 0
0 0 0 0 0 0
0 0 0 0 0 0
0 0 0 0 0 0
0 0 0 0 0 0
0 0 0 0 0 0
0 0 0 0 0 0
1 0 0 0.0 0 0
0 0 0 0 0 0
0 0 0 0 0 0
0 0 0 0 0 0
0 0 0 0 0 0
0 0 0 0 0 0
0 0 0 0 0 0
0 0 0 0 0 0
0 0 0 0 0 0
0 0 0 0 0 0
0 0 0 0 0 0
1 0 0 0 0 0.0
0 0 0 0 0 0
0 0 0 0 0 0
0 0 0 0 0 0
0 0 0 0 0 0
0 0 0 0 0 0
0 0 0 0 0 0
0 0 0 0 0 0
0 0 0 0 0 0
0 0 0 0 0 0
0 0 0 0 0 0
1 0 0 0 1 0
0 0 0 0 0 0
0 0 0 0 0 0
0 0 0 0 0 0
1 0 0 0.81 0 0
0 0 0 0 0 0
0 0 0 0 0 0
0 0 0 0 0 0
0 0 0 0 0 0
0 0 0 0 0 0
0 0 0 0 0 0
0 0 0 0 0 0
0 0 0 0 0 0
0 0 0 0 0 0
0 0 0 0 0 0
1 0 0 0.0 0 0.0
0 0 0 0 0 0
0 0 0 0 0 0
0 0 0 0 0 0
0 0 0 0 0 0
0 0 0 0 0 0
0 0 0 0 0 0
1 1 0 0.0 0 0
0 0 0 0 0 0
0 0 0 0 0 0
0 0 0 0 0 0
1 1 0 0.66 0 0
1 1 0 0.66 0 0.0
1 1 0 0.66 0 0
1 1 0 0.66 0 0
1 1 0 0.66 0 0.0
0 0 0 0 0 0
0 0 0 0 0 0
0 0 0 0 0 0
0 0 0 0 0 0
0 0 0 0 0 0
1 1 0 0.66 0 0
1 2 1.0 1.32 0 0
3 2 1.0 2.5400000000000005 0 0.0
1 1 0 0.66 0 0.10000000149011612
1 1 0 0.66 0 0.0
1 1 0 0.66 0 0.0
1 1 0 0.66 0 0
1 1 0 0.66 0 0
1 1 0 0.66 0 0
0 0 0 0 0 0
1 1 0 0.66 0 0
0 0 0 0 0 0
2 2 1.0 1.98 0 0
1 1 0 0.66 0 0
0 0 0 0 0 0
0 0 0 0 0 0
0 0 0 0 0 0
0 0 0 0 0 0
0 0 0 0 0 0
4 2 1.0 3.4899999999999998 0 0
0 0 0 0 0 0
0 0 0 0 0 0
0 0 0 0 0 0
0 0 0 0 0 0
0 0 0 0 0 0
0 0 0 0 0 0
0 0 0 0 0 0
1 1 0 0.66 0 0
0 0 0 0 0 0
0 0 0 0 0 0
0 0 0 0 0 0
0 0 0 0 0 0
0 0 0 0 0 0
0 0 0 0 0 0
0 0 0 0 0 0
0 0 0 0 0 0
0 0 0 0 0 0
1 1 0 0.66 0 0
1 1 0 0.66 0 0
1 2 1.0 2.64 0 0
0 0 0 0 0 0
1 1 0.09999999999999998 2.64 0 0.0
2 1 0.09999999999999998 1.8200000000000003 0 0
1 1 0 0.66 0 0
0 0 0 0 0 0
0 0 0 0 0 0
0 0 0 0 0 0
0 0 0 0 0 0
1 2 0.9 0.66 0 0
0 0 0 0 0 0
0 0 0 0 0 0
1 1 0 0.66 0 0
1 1 0 0.66 0 0
2 5 1.0 1.54 0 0.0
0 0 0 0 0 0
1 2 0.6 0.66 0 0.0
0 0 0 0 0 0
5 5 1.0 3.65 0 0.0
1 1 0 0.66 0 0
0 0 0 0 0 0
1 1 0 0.66 0 0
0 0 0 0 0 0
0 0 0 0 0 0
1 1 0 0.66 0 0
1 1 0 0.66 0 0.0
0 0 0 0 0 0
1 2 0.9 0.66 0 0.0
1 2 1.0 0.66 0 0
0 0 0 0 0 0
1 1 0 0.66 0 0
1 1 0 0.66 0 0.0
3 1 0.9 0.66 1 0
1 1 0 0.66 0 0
0 0 0 0 0 0
0 0 0 0 0 0
1 1 0 0.66 0 0
1 1 0 0.66 0 0
1 1 0 0.66 0 0
0 0 0 0 0 0
1 1 0 0.66 0 0
1 1 0.5 1.32 0 0
1 1 0 0.66 0 0
1 1 0 0.66 0 0
1 1 0 0.66 0 0
1 1 0.9 2.64 0 0.0
0 0 0 0 0 0
0 0 0 0 0 0
0 0 0 0 0 0
1 0 0 0 0 0
0 0 0 0 0 0
0 0 0 0 0 0
0 0 0 0 0 0
0 0 0 0 0 0
0 0 0 0 0 0
0 0 0 0 0 0
0 0 0 0 0 0
2 2 0.9 0.88 0 0
0 0 0 0 0 0
0 0 0 0 0 0
0 0 0 0 0 0
0 0 0 0 0 0
0 0 0 0 0 0
0 0 0 0 0 0
0 0 0 0 0 0
0 0 0 0 0 0
0 0 0 0 0 0
0 0 0 0 0 0
0 0 0 0 0 0
0 0 0 0 0 0
0 0 0 0 0 0
0 0 0 0 0 0
0 0 0 0 0 0
1 1 0 0 0 0
0 0 0 0 0 0
0 0 0 0 0 0
0 0 0 0 0 0
0 0 0 0 0 0
0 0 0 0 0 0
0 0 0 0 0 0
0 0 0 0 0 0
0 0 0 0 0 0
0 0 0 0 0 0
0 0 0 0 0 0
0 0 0 0 0 0
0 0 0 0 0 0
0 0 0 0 0 0
0 0 0 0 0 0
1 0 0 0 1 0
0 0 0 0 0 0
0 0 0 0 0 0
0 0 0 0 0 0
0 0 0 0 0 0
1 0 0 0 0 0
1 0 0 0 1 0
0 0 0 0 0 0
0 0 0 0 0 0
0 0 0 0 0 0
0 0 0 0 0 0
1 1 0 0.44 0 0
0 0 0 0 0 0
0 0 0 0 0 0
0 0 0 0 0 0
0 0 0 0 0 0
0 0 0 0 0 0
0 0 0 0 0 0
0 0 0 0 0 0
0 0 0 0 0 0
0 0 0 0 0 0
0 0 0 0 0 0
0 0 0 0 0 0
0 0 0 0 0 0
0 0 0 0 0 0
0 0 0 0 0 0
0 0 0 0 0 0
0 0 0 0 0 0
0 0 0 0 0 0
1 2 0 0.0 0 0
0 0 0 0 0 0
0 0 0 0 0 0
0 0 0 0 0 0
0 0 0 0 0 0
1 0 0 0 1 0
0 0 0 0 0 0
0 0 0 0 0 0
0 0 0 0 0 0
0 0 0 0 0 0
0 0 0 0 0 0
0 0 0 0 0 0
0 0 0 0 0 0
0 0 0 0 0 0
0 0 0 0 0 0
0 0 0 0 0 0
0 0 0 0 0 0
1 0 0 0.81 0 0.0
0 0 0 0 0 0
0 0 0 0 0 0
1 1 0.6 0 1 0
0 0 0 0 0 0
0 0 0 0 0 0
0 0 0 0 0 0
0 0 0 0 0 0
0 0 0 0 0 0
0 0 0 0 0 0
0 0 0 0 0 0
0 0 0 0 0 0
0 0 0 0 0 0
0 0 0 0 0 0
0 0 0 0 0 0
0 0 0 0 0 0
0 0 0 0 0 0
0 0 0 0 0 0
0 0 0 0 0 0
0 0 0 0 0 0
0 0 0 0 0 0
0 0 0 0 0 0
0 0 0 0 0 0
0 0 0 0 0 0
0 0 0 0 0 0
0 0 0 0 0 0
0 0 0 0 0 0
0 0 0 0 0 0
0 0 0 0 0 0
0 0 0 0 0 0
1 0 0 0 1 0
0 0 0 0 0 0
0 0 0 0 0 0
0 0 0 0 0 0
0 0 0 0 0 0
0 0 0 0 0 0
1 1 0.19999999999999996 0.0 0 0
0 0 0 0 0 0
0 0 0 0 0 0
0 0 0 0 0 0
0 0 0 0 0 0
0 0 0 0 0 0
1 1 0 0.44 0 0
0 0 0 0 0 0
0 0 0 0 0 0
0 0 0 0 0 0
0 0 0 0 0 0
0 0 0 0 0 0
0 0 0 0 0 0
0 0 0 0 0 0
0 0 0 0 0 0
0 0 0 0 0 0
0 0 0 0 0 0
0 0 0 0 0 0
0 0 0 0 0 0
0 0 0 0 0 0
0 0 0 0 0 0
0 0 0 0 0 0
0 0 0 0 0 0
0 0 0 0 0 0
0 0 0 0 0 0
0 0 0 0 0 0
0 0 0 0 0 0
1 0 0 0.0 0 0
0 0 0 0 0 0
0 0 0 0 0 0
0 0 0 0 0 0
0 0 0 0 0 0
0 0 0 0 0 0
0 0 0 0 0 0
0 0 0 0 0 0
1 0 0 0 1 0
0 0 0 0 0 0
1 0 0 0 1 0
0 0 0 0 0 0
0 0 0 0 0 0
0 0 0 0 0 0
0 0 0 0 0 0
0 0 0 0 0 0
0 0 0 0 0 0
0 0 0 0 0 0
0 0 0 0 0 0
0 0 0 0 0 0
0 0 0 0 0 0
0 0 0 0 0 0
0 0 0 0 0 0
1 1 0 0 0 0
0 0 0 0 0 0
0 0 0 0 0 0
0 0 0 0 0 0
0 0 0 0 0 0
0 0 0 0 0 0
0 0 0 0 0 0
0 0 0 0 0 0
0 0 0 0 0 0
0 0 0 0 0 0
0 0 0 0 0 0
0 0 0 0 0 0
0 0 0 0 0 0
0 0 0 0 0 0
0 0 0 0 0 0
0 0 0 0 0 0
1 0 0 0 1 0.0
0 0 0 0 0 0
0 0 0 0 0 0
0 0 0 0 0 0
0 0 0 0 0 0
0 0 0 0 0 0
0 0 0 0 0 0
0 0 0 0 0 0
0 0 0 0 0 0
0 0 0 0 0 0
1 1 0 0.88 0 0
1 2 0.9 1.76 0 0
1 1 0.9 0.88 0 0.0
2 3 0.9 1.76 0 0
1 1 0.7 1.76 0 0
1 1 0 0.88 0 0
1 2 0.6 0.88 0 0
0 0 0 0 0 0
1 1 0 0 0 0
1 2 0.3999999999999999 0.88 0 0
0 0 0 0 0 0
1 1 0 0.88 0 0.4000000059604645
3 3 1.0 2.64 0 0.0
0 0 0 0 0 0
0 0 0 0 0 0
0 0 0 0 0 0
1 1 0 0.88 0 0.30000001192092896
0 0 0 0 0 0
1 1 0 0.88 0 0
1 3 0.8 0.88 0 0
2 2 1.0 2.03 0 0.10000000149011612
0 0 0 0 0 0
1 1 0 0.88 0 0.0
2 2 0.6 0.88 0 0
1 0 0 1.76 0 0
1 0 0 1.76 0 0
1 0 0 1.76 0 0
1 0 0 1.76 0 0
1 1 0 0.88 0 0.0
2 4 0.7 1.32 0 0
3 3 1.0 1.12 0 0
1 1 0.7 2.64 0 0.0
1 2 0.29999999999999993 0.88 0 0
1 0 0 1.76 0 0
1 0 0 1.76 0 0
1 1 0 0.88 0 0
3 3 1.0 2.64 0 0
0 0 0 0 0 0
1 1 0 1.76 0 0.0
1 1 0 0 0 0
1 1 0 0.88 0 0.0
1 1 0 0.88 0 0
1 1 0 0.88 0 0.0
1 2 0.8 0.88 0 0
1 1 0 0.88 0 0
2 2 0.6 1.32 0 0.0
0 0 0 0 0 0
0 0 0 0 0 0
1 2 0.9 0.88 0 0.5
0 0 0 0 0 0
0 0 0 0 0 0
0 0 0 0 0 0
0 0 0 0 0 0
0 0 0 0 0 0
0 0 0 0 0 0
0 0 0 0 0 0
0 0 0 0 0 0
0 0 0 0 0 0
0 0 0 0 0 0
0 0 0 0 0 0
0 0 0 0 0 0
0 0 0 0 0 0
0 0 0 0 0 0
0 0 0 0 0 0
0 0 0 0 0 0
0 0 0 0 0 0
0 0 0 0 0 0
0 0 0 0 0 0
0 0 0 0 0 0
0 0 0 0 0 0
1 1 0 0.63 0 0.0
1 1 0.6 1.26 0 0.0
2 3 1.0 1.7000000000000002 0 0.0
1 2 0.9 0.63 0 0
1 2 1.0 1.26 0 0.6000000238418579
3 2 1.0 1.4 0 0.5
1 2 1.0 0.63 0 0.0
1 3 0.8 1.8900000000000001 0 0
1 2 1.0 0.63 0 0
1 3 1.0 0.63 0 0
1 2 1.0 1.26 0 0.0
1 1 0 0.63 0 0.0
1 1 0 0.63 0 0.0
0 0 0 0 0 0
1 1 1.0 1.8900000000000001 0 0
1 1 0 0.63 0 0
0 0 0 0 0 0
0 0 0 0 0 0
1 2 1.0 0.63 0 0
1 1 0 0.63 0 0
1 1 0 0.63 0 0.0
1 2 0.7 0.63 0 0.20000000298023224
1 2 1.0 1.8900000000000001 0 0.699999988079071
1 1 0 0.63 0 0
1 3 1.0 1.26 0 0.0
1 1 0 0.63 0 0
1 2 1.0 0.63 0 0
1 1 0.5 2.52 0 0
1 1 0 0.63 0 0.0
1 1 0 0.63 0 0.0
0 0 0 0 0 0
1 1 0 0.63 0 0
1 1 0.6 2.52 0 0.0
0 0 0 0 0 0
1 1 0.9 1.26 0 0
1 1 0 0.63 0 0
1 1 0 0.63 0 0.0
1 1 0 0.63 0 0.0
1 1 1.0 1.8900000000000001 0 0
1 2 1.0 1.26 0 0.6000000238418579
1 1 0 0.63 0 0
1 2 1.0 1.26 0 0.5
1 1 0.8 1.26 0 0
2 2 1.0 0.9 0 0.4000000059604645
1 1 0 0.63 0 0
1 1 0 0.63 0 0
1 1 0 0.63 0 0
1 1 1.0 3.15 0 0.5
2 4 1.0 2.38 0 0
1 1 0.9 1.26 0 0.4000000059604645
1 1 0 0.63 0 0
1 1 0 0.63 0 0
1 2 1.0 0.63 0 0.30000001192092896
1 1 0.8 1.26 0 0
1 2 1.0 0.63 0 0
1 2 0.5 1.26 0 0
1 1 0 0.63 0 0
1 1 0 0.63 0 0
1 1 0.9 1.26 0 0.4000000059604645
2 2 1.0 0.84 0 0
1 2 0 0.63 0 0
2 3 1.0 1.07 0 0
1 1 1.0 1.8900000000000001 0 0.4000000059604645
1 2 1.0 1.26 0 0
2 1 0.8 1.8900000000000001 0 0.0
1 1 0 0.63 0 0
1 1 0.8 1.26 0 0
1 1 0 0.63 0 0.0
1 1 0 0.63 0 0
1 1 0 0.63 0 0
0 0 0 0 0 0
1 1 0 0.63 0 0
1 1 0 0.63 0 0
1 1 0 0.63 0 0
1 1 0.8 1.26 0 0.0
1 1 0 0.63 0 0
1 1 0.8 1.8900000000000001 0 0
1 1 0 0.63 0 0
2 2 1.0 2.25 0 0.6000000238418579
1 2 1.0 0.63 0 0
1 1 0 0.63 0 0
1 1 0.9 1.26 0 0.4000000059604645
1 2 1.0 0.63 0 0.20000000298023224
1 2 0.9 1.26 0 0
1 2 0 0.63 0 0
1 2 0.9 0.63 0 0.4000000059604645
2 2 0.9 1.32 0 0
1 1 1.0 1.26 0 0
2 2 0.9 0.63 0 0.4000000059604645
1 4 1.0 1.26 0 0
1 1 0 0.63 0 0
1 1 0 0.63 0 0
1 1 0 0.63 0 0
1 3 0.5 0.63 0 0
1 1 0 0.63 0 0.0
1 1 0.9 1.26 0 0.4000000059604645
1 1 0 0.63 0 0
1 1 0 0.63 0 0.0
1 3 0.9 1.26 0 0
1 1 0.7 1.26 0 0.0
0 0 0 0 0 0
0 0 0 0 0 0
0 0 0 0 0 0
0 0 0 0 0 0
0 0 0 0 0 0
0 0 0 0 0 0
0 0 0 0 0 0
0 0 0 0 0 0
1 0 0 0.0 0 0
0 0 0 0 0 0
0 0 0 0 0 0
0 0 0 0 0 0
0 0 0 0 0 0
0 0 0 0 0 0
0 0 0 0 0 0
0 0 0 0 0 0
0 0 0 0 0 0
0 0 0 0 0 0
0 0 0 0 0 0
1 1 0 0.49 0 0
0 0 0 0 0 0
1 2 0.8 0.49 0 0
0 0 0 0 0 0
0 0 0 0 0 0
1 2 1.0 1.47 0 0.0
0 0 0 0 0 0
0 0 0 0 0 0
0 0 0 0 0 0
0 0 0 0 0 0
0 0 0 0 0 0
1 1 0.9 1.47 0 0.4000000059604645
1 1 0 0.49 0 0
0 0 0 0 0 0
0 0 0 0 0 0
0 0 0 0 0 0
0 0 0 0 0 0
0 0 0 0 0 0
0 0 0 0 0 0
0 0 0 0 0 0
0 0 0 0 0 0
0 0 0 0 0 0
0 0 0 0 0 0
0 0 0 0 0 0
0 0 0 0 0 0
1 1 0 0.49 0 0
0 0 0 0 0 0
0 0 0 0 0 0
0 0 0 0 0 0
0 0 0 0 0 0
2 3 0.9 1.7000000000000002 0 0.0
0 0 0 0 0 0
0 0 0 0 0 0
0 0 0 0 0 0
0 0 0 0 0 0
0 0 0 0 0 0
0 0 0 0 0 0
0 0 0 0 0 0
0 0 0 0 0 0
0 0 0 0 0 0
0 0 0 0 0 0
0 0 0 0 0 0
0 0 0 0 0 0
0 0 0 0 0 0
0 0 0 0 0 0
0 0 0 0 0 0
0 0 0 0 0 0
0 0 0 0 0 0
0 0 0 0 0 0
0 0 0 0 0 0
0 0 0 0 0 0
0 0 0 0 0 0
0 0 0 0 0 0
0 0 0 0 0 0
0 0 0 0 0 0
0 0 0 0 0 0
0 0 0 0 0 0
0 0 0 0 0 0
0 0 0 0 0 0
0 0 0 0 0 0
0 0 0 0 0 0
0 0 0 0 0 0
1 3 1.0 0.27 0 0
0 0 0 0 0 0
0 0 0 0 0 0
0 0 0 0 0 0
0 0 0 0 0 0
0 0 0 0 0 0
0 0 0 0 0 0
0 0 0 0 0 0
0 0 0 0 0 0
0 0 0 0 0 0
0 0 0 0 0 0
0 0 0 0 0 0
1 1 0 0.0 0 0
0 0 0 0 0 0
0 0 0 0 0 0
0 0 0 0 0 0
0 0 0 0 0 0
0 0 0 0 0 0
0 0 0 0 0 0
0 0 0 0 0 0
0 0 0 0 0 0
0 0 0 0 0 0
1 1 0 0.44 0 0
0 0 0 0 0 0
0 0 0 0 0 0
0 0 0 0 0 0
0 0 0 0 0 0
0 0 0 0 0 0
0 0 0 0 0 0
0 0 0 0 0 0
0 0 0 0 0 0
0 0 0 0 0 0
1 0 0 0.33 0 0
0 0 0 0 0 0
0 0 0 0 0 0
1 1 0.3999999999999999 2.8499999999999996 0 0
0 0 0 0 0 0
0 0 0 0 0 0
0 0 0 0 0 0
0 0 0 0 0 0
0 0 0 0 0 0
0 0 0 0 0 0
0 0 0 0 0 0
0 0 0 0 0 0
0 0 0 0 0 0
0 0 0 0 0 0
0 0 0 0 0 0
0 0 0 0 0 0
0 0 0 0 0 0
0 0 0 0 0 0
1 0 0 0 0 0
0 0 0 0 0 0
0 0 0 0 0 0
0 0 0 0 0 0
0 0 0 0 0 0
0 0 0 0 0 0
0 0 0 0 0 0
0 0 0 0 0 0
1 0 0 0 1 0
0 0 0 0 0 0
0 0 0 0 0 0
0 0 0 0 0 0
0 0 0 0 0 0
0 0 0 0 0 0
0 0 0 0 0 0
0 0 0 0 0 0
0 0 0 0 0 0
0 0 0 0 0 0
0 0 0 0 0 0
1 1 0.9 0.13 0 0
0 0 0 0 0 0
0 0 0 0 0 0
0 0 0 0 0 0
1 0 0 0 1 0
0 0 0 0 0 0
0 0 0 0 0 0
0 0 0 0 0 0
0 0 0 0 0 0
1 0 0 0.0 0 0
0 0 0 0 0 0
0 0 0 0 0 0
0 0 0 0 0 0
0 0 0 0 0 0
0 0 0 0 0 0
0 0 0 0 0 0
0 0 0 0 0 0
0 0 0 0 0 0
0 0 0 0 0 0
0 0 0 0 0 0
0 0 0 0 0 0
0 0 0 0 0 0
0 0 0 0 0 0
0 0 0 0 0 0
0 0 0 0 0 0
0 0 0 0 0 0
0 0 0 0 0 0
0 0 0 0 0 0
0 0 0 0 0 0
0 0 0 0 0 0
0 0 0 0 0 0
0 0 0 0 0 0
0 0 0 0 0 0
0 0 0 0 0 0
1 1 0 0.0 0 0.0
1 2 0.9 0 1 0
0 0 0 0 0 0
0 0 0 0 0 0
0 0 0 0 0 0
1 2 0.7 0 0 0
0 0 0 0 0 0
0 0 0 0 0 0
0 0 0 0 0 0
0 0 0 0 0 0
0 0 0 0 0 0
1 2 0.5 0 0 0
0 0 0 0 0 0
0 0 0 0 0 0
0 0 0 0 0 0
2 3 1.0 0.88 0 0.0
1 1 1.0 0.56 0 0.0
0 0 0 0 0 0
0 0 0 0 0 0
1 2 0 0.44 0 0.0
0 0 0 0 0 0
0 0 0 0 0 0
0 0 0 0 0 0
0 0 0 0 0 0
0 0 0 0 0 0
0 0 0 0 0 0
0 0 0 0 0 0
0 0 0 0 0 0
0 0 0 0 0 0
0 0 0 0 0 0
0 0 0 0 0 0
0 0 0 0 0 0
0 0 0 0 0 0
0 0 0 0 0 0
0 0 0 0 0 0
0 0 0 0 0 0
0 0 0 0 0 0
1 2 0.7 0 0 0
0 0 0 0 0 0
0 0 0 0 0 0
0 0 0 0 0 0
0 0 0 0 0 0
2 3 0.8 0.49 0 0
1 2 0.9 0.44 0 0
1 0 0 0 1 0.0
0 0 0 0 0 0
0 0 0 0 0 0
1 1 0.8 0 1 0
0 0 0 0 0 0
0 0 0 0 0 0
0 0 0 0 0 0
0 0 0 0 0 0
0 0 0 0 0 0
0 0 0 0 0 0
0 0 0 0 0 0
0 0 0 0 0 0
0 0 0 0 0 0
0 0 0 0 0 0
0 0 0 0 0 0
0 0 0 0 0 0
0 0 0 0 0 0
0 0 0 0 0 0
0 0 0 0 0 0
0 0 0 0 0 0
0 0 0 0 0 0
0 0 0 0 0 0
0 0 0 0 0 0
0 0 0 0 0 0
0 0 0 0 0 0
1 0 0 0.0 0 0
0 0 0 0 0 0
1 0 0 0 0 0
0 0 0 0 0 0
0 0 0 0 0 0
0 0 0 0 0 0
0 0 0 0 0 0
0 0 0 0 0 0
0 0 0 0 0 0
0 0 0 0 0 0
0 0 0 0 0 0
0 0 0 0 0 0
0 0 0 0 0 0
0 0 0 0 0 0
0 0 0 0 0 0
0 0 0 0 0 0
1 0 0 0 0 0.699999988079071
0 0 0 0 0 0
0 0 0 0 0 0
0 0 0 0 0 0
0 0 0 0 0 0
0 0 0 0 0 0
0 0 0 0 0 0
0 0 0 0 0 0
0 0 0 0 0 0
0 0 0 0 0 0
0 0 0 0 0 0
0 0 0 0 0 0
0 0 0 0 0 0
0 0 0 0 0 0
1 0 0 0.0 0 0.0
0 0 0 0 0 0
1 3 1.0 0.84 0 0.8999999761581421
0 0 0 0 0 0
0 0 0 0 0 0
0 0 0 0 0 0
0 0 0 0 0 0
0 0 0 0 0 0
0 0 0 0 0 0
0 0 0 0 0 0
0 0 0 0 0 0
0 0 0 0 0 0
0 0 0 0 0 0
0 0 0 0 0 0
0 0 0 0 0 0
0 0 0 0 0 0
0 0 0 0 0 0
0 0 0 0 0 0
0 0 0 0 0 0
0 0 0 0 0 0
0 0 0 0 0 0
0 0 0 0 0 0
0 0 0 0 0 0
0 0 0 0 0 0
0 0 0 0 0 0
1 1 1.0 1.12 0 0.4000000059604645
0 0 0 0 0 0
1 3 1.0 1.12 0 0
0 0 0 0 0 0
0 0 0 0 0 0
0 0 0 0 0 0
0 0 0 0 0 0
0 0 0 0 0 0
0 0 0 0 0 0
0 0 0 0 0 0
0 0 0 0 0 0
0 0 0 0 0 0
0 0 0 0 0 0
0 0 0 0 0 0
0 0 0 0 0 0
0 0 0 0 0 0
0 0 0 0 0 0
2 3 0.8 0.06 0 0
1 0 0 0.0 0 0.0
0 0 0 0 0 0
1 4 1.0 0.63 0 0.699999988079071
0 0 0 0 0 0
0 0 0 0 0 0
2 4 1.0 0.95 0 0
0 0 0 0 0 0
1 0 0 0 1 0.0
1 0 0 2.19 0 0
0 0 0 0 0 0
0 0 0 0 0 0
2 1 0.9 0 1 0
0 0 0 0 0 0
0 0 0 0 0 0
0 0 0 0 0 0
0 0 0 0 0 0
0 0 0 0 0 0
0 0 0 0 0 0
0 0 0 0 0 0
0 0 0 0 0 0
0 0 0 0 0 0
0 0 0 0 0 0
0 0 0 0 0 0
0 0 0 0 0 0
0 0 0 0 0 0
0 0 0 0 0 0
0 0 0 0 0 0
1 0 0 0 0 0
0 0 0 0 0 0
0 0 0 0 0 0
1 0 0 0 0 0
0 0 0 0 0 0
2 0 0 0.0 1 0
0 0 0 0 0 0
0 0 0 0 0 0
0 0 0 0 0 0
0 0 0 0 0 0
2 1 1.0 0.0 1 0.10000000149011612
0 0 0 0 0 0
0 0 0 0 0 0
0 0 0 0 0 0
0 0 0 0 0 0
0 0 0 0 0 0
0 0 0 0 0 0
0 0 0 0 0 0
0 0 0 0 0 0
0 0 0 0 0 0
0 0 0 0 0 0
0 0 0 0 0 0
0 0 0 0 0 0
0 0 0 0 0 0
0 0 0 0 0 0
0 0 0 0 0 0
0 0 0 0 0 0
0 0 0 0 0 0
0 0 0 0 0 0
0 0 0 0 0 0
3 0 0 0.58 0 0.30000001192092896
0 0 0 0 0 0
0 0 0 0 0 0
0 0 0 0 0 0
0 0 0 0 0 0
0 0 0 0 0 0
0 0 0 0 0 0
1 1 0.7 0 0 0
1 0 0 0 1 0
0 0 0 0 0 0
0 0 0 0 0 0
0 0 0 0 0 0
0 0 0 0 0 0
0 0 0 0 0 0
1 2 0.9 0.44 0 0.4000000059604645
0 0 0 0 0 0
0 0 0 0 0 0
0 0 0 0 0 0
0 0 0 0 0 0
0 0 0 0 0 0
0 0 0 0 0 0
0 0 0 0 0 0
0 0 0 0 0 0
0 0 0 0 0 0
1 0 0 2.19 0 0
1 0 0 0.73 0 0.0
0 0 0 0 0 0
0 0 0 0 0 0
0 0 0 0 0 0
0 0 0 0 0 0
0 0 0 0 0 0
0 0 0 0 0 0
0 0 0 0 0 0
0 0 0 0 0 0
0 0 0 0 0 0
0 0 0 0 0 0
0 0 0 0 0 0
0 0 0 0 0 0
0 0 0 0 0 0
0 0 0 0 0 0
0 0 0 0 0 0
0 0 0 0 0 0
0 0 0 0 0 0
0 0 0 0 0 0
0 0 0 0 0 0
0 0 0 0 0 0
0 0 0 0 0 0
0 0 0 0 0 0
0 0 0 0 0 0
0 0 0 0 0 0
0 0 0 0 0 0
0 0 0 0 0 0
0 0 0 0 0 0
0 0 0 0 0 0
0 0 0 0 0 0
0 0 0 0 0 0
0 0 0 0 0 0
0 0 0 0 0 0
0 0 0 0 0 0
0 0 0 0 0 0
1 1 1.0 0.73 0 0.800000011920929
0 0 0 0 0 0
0 0 0 0 0 0
0 0 0 0 0 0
0 0 0 0 0 0
0 0 0 0 0 0
0 0 0 0 0 0
0 0 0 0 0 0
0 0 0 0 0 0
0 0 0 0 0 0
1 1 0 0.44 0 0.0
1 0 0 0.88 0 0.0
0 0 0 0 0 0
0 0 0 0 0 0
1 1 0 0.56 0 0
2 3 1.0 0.44 0 0.699999988079071
1 2 1.0 0.88 0 0
1 2 0.9 1.32 0 0.0
1 1 0 0.56 0 0
2 0 0 1.25 0 0.0
1 1 0 0.44 0 0
1 1 0.6 1.32 0 0
1 1 1.0 0.44 0 0
1 1 0.8 0.88 0 0
1 0 0 0.44 0 0
1 1 0 0.44 0 0.20000000298023224
2 2 0.9 1.97 0 0.0
1 2 0.8 0.44 0 0
1 1 0 0.44 0 0
1 1 0 0.44 0 0
1 1 0 0.44 0 0
1 1 0 0.44 0 0
1 2 1.0 2.2 0 0.0
1 1 0 0.44 0 0.6000000238418579
1 1 0 0.44 0 0.0
1 1 0 0.44 0 0
1 3 1.0 1.76 0 0.0
2 1 0 0.47 0 0.0
1 2 0.9 0.44 0 0.10000000149011612
1 2 1.0 1.32 0 0.4000000059604645
1 2 0.9 1.76 0 0.800000011920929
1 1 0 0.44 0 0
0 0 0 0 0 0
2 2 0.5 0.44 0 0
1 1 0 0.44 0 0.0
1 0 0 0.44 0 0.0
1 1 0 0.44 0 0.6000000238418579
1 1 0 0.44 0 0
0 0 0 0 0 0
1 2 0.9 0.44 0 0
1 1 0 0.44 0 0
1 1 0.9 0.88 0 0.20000000298023224
1 1 0 0.44 0 0
1 1 0 0.44 0 0
1 1 0 0.44 0 0
1 1 0 0.44 0 0.0
1 2 0.7 0.44 0 0
1 1 0 0.44 0 0
1 0 0 0.44 0 0.0
1 1 0 0.44 0 0
1 1 1.0 0 1 0
0 0 0 0 0 0
1 1 0 0.44 0 0
1 1 0 0.44 0 0
2 1 0.9 0.44 0 0.0
1 1 0 0.44 0 0
2 2 1.0 1.32 0 0.0
0 0 0 0 0 0
4 2 0.9 1.08 1 0
1 1 0 0.44 0 0
1 1 0 0.44 0 0
1 2 0.9 0.44 0 0.4000000059604645
1 1 0 0.44 0 0
1 1 0 0.44 0 0.0
1 1 0 0.44 0 0
1 1 0 0.44 0 0
1 1 0.9 1.32 0 0.0
1 1 0 0.44 0 0
1 1 0 0.44 0 0
1 1 0 0.88 0 0
1 1 0 0.44 0 0
1 1 0 0.44 0 0.10000000149011612
1 2 1.0 0.44 0 0.4000000059604645
1 1 0 0.56 0 0
0 0 0 0 0 0
0 0 0 0 0 0
1 1 0 0.44 0 0.0
0 0 0 0 0 0
2 2 1.0 0.88 0 0
0 0 0 0 0 0
1 1 1.0 0.88 0 0
1 2 0.8 1.32 0 0
2 2 1.0 0.44 1 0.6000000238418579
2 1 0.8 1.25 0 0
1 2 0.7 0.44 0 0
0 0 0 0 0 0
1 1 0 0.44 0 0
2 2 0.3999999999999999 0.88 0 0.6000000238418579
1 1 0 0.44 0 0
1 1 0 0.44 0 0
1 1 1.0 1.32 0 0.0
1 1 0 0.44 0 0
1 1 0 0.44 0 0
2 1 0 0.5 0 0
1 2 0.7 0.44 0 0.0
1 1 0 0.44 0 0
1 1 0 0.44 0 0.0
1 1 1.0 1.32 0 0
2 2 0.9 0.88 0 0.0
0 0 0 0 0 0
1 1 1.0 1.12 0 0.5
0 0 0 0 0 0
0 0 0 0 0 0
0 0 0 0 0 0
0 0 0 0 0 0
0 0 0 0 0 0
0 0 0 0 0 0
2 2 0.9 0.0 0 0
0 0 0 0 0 0
0 0 0 0 0 0
0 0 0 0 0 0
0 0 0 0 0 0
0 0 0 0 0 0
0 0 0 0 0 0
0 0 0 0 0 0
0 0 0 0 0 0
0 0 0 0 0 0
0 0 0 0 0 0
0 0 0 0 0 0
0 0 0 0 0 0
0 0 0 0 0 0
0 0 0 0 0 0
0 0 0 0 0 0
1 1 0.3999999999999999 0 0 0.0
0 0 0 0 0 0
0 0 0 0 0 0
0 0 0 0 0 0
0 0 0 0 0 0
0 0 0 0 0 0
2 2 0.9 0.95 0 0
0 0 0 0 0 0
0 0 0 0 0 0
0 0 0 0 0 0
1 0 0 0.73 0 0
1 0 0 0.73 0 0
0 0 0 0 0 0
0 0 0 0 0 0
0 0 0 0 0 0
0 0 0 0 0 0
0 0 0 0 0 0
2 1 1.0 0.56 0 0.20000000298023224
0 0 0 0 0 0
1 1 0.5 3.24 0 0
0 0 0 0 0 0
0 0 0 0 0 0
0 0 0 0 0 0
0 0 0 0 0 0
0 0 0 0 0 0
0 0 0 0 0 0
0 0 0 0 0 0
1 1 1.0 0.8400000000000001 0 0.699999988079071
4 2 0.9 1.08 1 0
1 1 0 0.14 0 0
2 2 0.8 0.14 0 0
1 1 0.09999999999999998 0.28 0 0
1 1 0 0.14 0 0
1 1 0 0.14 0 0.0
1 1 0 0.14 0 0
1 1 0 0.14 0 0
1 1 0 0.14 0 0.0
1 1 0 0.14 0 0
1 1 0 0.14 0 0
2 1 1.0 0.14 0 0
1 1 0 0.14 0 0
1 1 1.0 0.28 0 0
1 1 0 0.14 0 0
1 1 0 0.14 0 0
1 1 0.9 0.42000000000000004 0 0
1 1 0 0.14 0 0
1 1 0 0.14 0 0
1 1 0 0.14 0 0
2 2 1.0 0.5800000000000001 0 0.0
2 1 0.5 0.14 0 0
1 2 0.9 0.14 0 0.20000000298023224
1 1 0 0.14 0 0
1 1 0 0.14 0 0
2 2 0.9 0.14 0 0
2 2 0.9 0.8400000000000001 0 0
1 1 0 0.14 0 0.0
1 1 0 0.14 0 0
2 2 0.9 0.7000000000000001 0 0
0 0 0 0 0 0
1 2 0.9 0.28 0 0
1 1 0.09999999999999998 0.42000000000000004 0 0
1 2 1.0 0.14 0 0
1 1 0 0.14 0 0
2 1 0.9 0.5800000000000001 0 0.0
1 2 0.5 0.14 0 0
1 1 0 0.14 0 0
0 0 0 0 0 0
1 1 0 0.14 0 0
0 0 0 0 0 0
2 1 0 0.14 1 0
2 2 1.0 0.14 0 0
1 1 0 0.14 0 0
2 2 0.9 0.9 0 0
1 3 0.8 0.14 0 0
1 1 0 0.14 0 0
1 1 0 0.14 0 0
1 1 0 0.14 0 0.0
0 0 0 0 0 0
0 0 0 0 0 0
0 0 0 0 0 0
0 0 0 0 0 0
0 0 0 0 0 0
0 0 0 0 0 0
0 0 0 0 0 0
0 0 0 0 0 0
0 0 0 0 0 0
0 0 0 0 0 0
0 0 0 0 0 0
1 0 0 0.0 0 0
0 0 0 0 0 0
0 0 0 0 0 0
0 0 0 0 0 0
0 0 0 0 0 0
0 0 0 0 0 0
0 0 0 0 0 0
0 0 0 0 0 0
0 0 0 0 0 0
0 0 0 0 0 0
0 0 0 0 0 0
0 0 0 0 0 0
0 0 0 0 0 0
0 0 0 0 0 0
0 0 0 0 0 0
0 0 0 0 0 0
0 0 0 0 0 0
0 0 0 0 0 0
0 0 0 0 0 0
0 0 0 0 0 0
1 1 0 0.0 0 0.0
0 0 0 0 0 0
0 0 0 0 0 0
1 1 0.9 0 1 0
0 0 0 0 0 0
0 0 0 0 0 0
0 0 0 0 0 0
0 0 0 0 0 0
1 0 0 0.0 0 0
0 0 0 0 0 0
0 0 0 0 0 0
0 0 0 0 0 0
0 0 0 0 0 0
0 0 0 0 0 0
0 0 0 0 0 0
0 0 0 0 0 0
0 0 0 0 0 0
0 0 0 0 0 0
0 0 0 0 0 0
0 0 0 0 0 0
1 0 0 0 1 0
0 0 0 0 0 0
0 0 0 0 0 0
0 0 0 0 0 0
0 0 0 0 0 0
0 0 0 0 0 0
0 0 0 0 0 0
1 0 0 0 1 0
0 0 0 0 0 0
0 0 0 0 0 0
0 0 0 0 0 0
1 0 0 0 0 0
0 0 0 0 0 0
0 0 0 0 0 0
0 0 0 0 0 0
0 0 0 0 0 0
0 0 0 0 0 0
0 0 0 0 0 0
0 0 0 0 0 0
0 0 0 0 0 0
0 0 0 0 0 0
0 0 0 0 0 0
0 0 0 0 0 0
2 0 0 0 1 0.0
0 0 0 0 0 0
1 0 0 1.62 0 0
0 0 0 0 0 0
0 0 0 0 0 0
0 0 0 0 0 0
0 0 0 0 0 0
0 0 0 0 0 0
0 0 0 0 0 0
1 0 0 1.62 0 0
0 0 0 0 0 0
0 0 0 0 0 0
1 1 1.0 0 1 0
0 0 0 0 0 0
0 0 0 0 0 0
2 1 0.9 0.0 1 0.0
0 0 0 0 0 0
0 0 0 0 0 0
0 0 0 0 0 0
0 0 0 0 0 0
0 0 0 0 0 0
1 0 0 0 0 0
1 1 0.29999999999999993 0 0 0
0 0 0 0 0 0
0 0 0 0 0 0
0 0 0 0 0 0
0 0 0 0 0 0
0 0 0 0 0 0
0 0 0 0 0 0
0 0 0 0 0 0
1 0 0 0 0 0.0
0 0 0 0 0 0
0 0 0 0 0 0
0 0 0 0 0 0
0 0 0 0 0 0
0 0 0 0 0 0
0 0 0 0 0 0
0 0 0 0 0 0
0 0 0 0 0 0
0 0 0 0 0 0
1 2 1.0 0 0 0
0 0 0 0 0 0
0 0 0 0 0 0
1 1 0.5 0 0 0
1 0 0 0 1 0
1 1 0 0.0 0 0
1 0 0 0 0 0
0 0 0 0 0 0
0 0 0 0 0 0
0 0 0 0 0 0
0 0 0 0 0 0
0 0 0 0 0 0
0 0 0 0 0 0
0 0 0 0 0 0
0 0 0 0 0 0
0 0 0 0 0 0
0 0 0 0 0 0
0 0 0 0 0 0
0 0 0 0 0 0
0 0 0 0 0 0
0 0 0 0 0 0
0 0 0 0 0 0
1 0 0 0.0 0 0
0 0 0 0 0 0
0 0 0 0 0 0
1 0 0 0 1 0
0 0 0 0 0 0
0 0 0 0 0 0
0 0 0 0 0 0
1 1 0 0 1 0
0 0 0 0 0 0
0 0 0 0 0 0
1 0 0 0 1 0.0
0 0 0 0 0 0
0 0 0 0 0 0
0 0 0 0 0 0
0 0 0 0 0 0
0 0 0 0 0 0
0 0 0 0 0 0
0 0 0 0 0 0
0 0 0 0 0 0
0 0 0 0 0 0
0 0 0 0 0 0
1 0 0 0 1 0
0 0 0 0 0 0
0 0 0 0 0 0
0 0 0 0 0 0
0 0 0 0 0 0
0 0 0 0 0 0
0 0 0 0 0 0
0 0 0 0 0 0
0 0 0 0 0 0
0 0 0 0 0 0
0 0 0 0 0 0
1 1 0 0.44 0 0.0
0 0 0 0 0 0
0 0 0 0 0 0
0 0 0 0 0 0
0 0 0 0 0 0
0 0 0 0 0 0
0 0 0 0 0 0
0 0 0 0 0 0
0 0 0 0 0 0
0 0 0 0 0 0
0 0 0 0 0 0
0 0 0 0 0 0
0 0 0 0 0 0
0 0 0 0 0 0
0 0 0 0 0 0
0 0 0 0 0 0
0 0 0 0 0 0
0 0 0 0 0 0
0 0 0 0 0 0
0 0 0 0 0 0
0 0 0 0 0 0
0 0 0 0 0 0
0 0 0 0 0 0
0 0 0 0 0 0
0 0 0 0 0 0
0 0 0 0 0 0
0 0 0 0 0 0
0 0 0 0 0 0
0 0 0 0 0 0
0 0 0 0 0 0
0 0 0 0 0 0
0 0 0 0 0 0
0 0 0 0 0 0
0 0 0 0 0 0
0 0 0 0 0 0
0 0 0 0 0 0
0 0 0 0 0 0
0 0 0 0 0 0
0 0 0 0 0 0
0 0 0 0 0 0
0 0 0 0 0 0
0 0 0 0 0 0
0 0 0 0 0 0
0 0 0 0 0 0
0 0 0 0 0 0
0 0 0 0 0 0
0 0 0 0 0 0
1 1 0.6 0 1 0
0 0 0 0 0 0
0 0 0 0 0 0
0 0 0 0 0 0
0 0 0 0 0 0
0 0 0 0 0 0
0 0 0 0 0 0
0 0 0 0 0 0
0 0 0 0 0 0
0 0 0 0 0 0
0 0 0 0 0 0
0 0 0 0 0 0
0 0 0 0 0 0
0 0 0 0 0 0
0 0 0 0 0 0
0 0 0 0 0 0
0 0 0 0 0 0
0 0 0 0 0 0
0 0 0 0 0 0
0 0 0 0 0 0
0 0 0 0 0 0
0 0 0 0 0 0
0 0 0 0 0 0
0 0 0 0 0 0
0 0 0 0 0 0
0 0 0 0 0 0
0 0 0 0 0 0
0 0 0 0 0 0
0 0 0 0 0 0
0 0 0 0 0 0
0 0 0 0 0 0
0 0 0 0 0 0
0 0 0 0 0 0
0 0 0 0 0 0
0 0 0 0 0 0
0 0 0 0 0 0
0 0 0 0 0 0
0 0 0 0 0 0
0 0 0 0 0 0
0 0 0 0 0 0
0 0 0 0 0 0
0 0 0 0 0 0
0 0 0 0 0 0
0 0 0 0 0 0
0 0 0 0 0 0
1 1 0.8 0 1 0
0 0 0 0 0 0
0 0 0 0 0 0
0 0 0 0 0 0
0 0 0 0 0 0
1 0 0 0.1 0 0
0 0 0 0 0 0
0 0 0 0 0 0
0 0 0 0 0 0
0 0 0 0 0 0
0 0 0 0 0 0
1 0 0 0.1 0 0.0
0 0 0 0 0 0
0 0 0 0 0 0
1 0 0 0.30000000000000004 0 0.0
0 0 0 0 0 0
0 0 0 0 0 0
0 0 0 0 0 0
0 0 0 0 0 0
0 0 0 0 0 0
0 0 0 0 0 0
1 0 0 0 1 0
0 0 0 0 0 0
0 0 0 0 0 0
0 0 0 0 0 0
0 0 0 0 0 0
0 0 0 0 0 0
0 0 0 0 0 0
0 0 0 0 0 0
0 0 0 0 0 0
0 0 0 0 0 0
0 0 0 0 0 0
0 0 0 0 0 0
0 0 0 0 0 0
0 0 0 0 0 0
0 0 0 0 0 0
0 0 0 0 0 0
0 0 0 0 0 0
0 0 0 0 0 0
0 0 0 0 0 0
0 0 0 0 0 0
0 0 0 0 0 0
0 0 0 0 0 0
0 0 0 0 0 0
0 0 0 0 0 0
0 0 0 0 0 0
0 0 0 0 0 0
0 0 0 0 0 0
0 0 0 0 0 0
0 0 0 0 0 0
0 0 0 0 0 0
0 0 0 0 0 0
1 1 0.9 1.9 0 0.20000000298023224
0 0 0 0 0 0
3 2 1.0 0.95 1 0
2 1 1.0 0.95 1 0
2 3 1.0 1.39 0 0
1 1 0 0.95 0 0
1 1 0 0.95 0 0.0
1 2 0.9 0.95 0 0.4000000059604645
0 0 0 0 0 0
2 4 0.7 1.9 0 0
2 1 0.9 0.0 0 0
2 2 0.8 0.95 1 0
1 0 0 0 1 0
4 2 1.0 3.4899999999999998 0 0
1 1 0.6 2.8499999999999996 0 0.0
1 3 1.0 3.8 0 0.10000000149011612
0 0 0 0 0 0
1 1 0.6 2.8499999999999996 0 0.0
1 2 0.9 3.8 0 0.0
0 0 0 0 0 0
2 1 0.6 0.95 1 0.0
2 2 0.9 1.39 0 0.0
1 1 0 0.95 0 0
1 3 0.9 1.9 0 0
1 2 1.0 0.95 0 0.0
1 1 0 0.95 0 0
1 1 0.9 2.8499999999999996 0 0.10000000149011612
1 1 0 0.95 0 0
0 0 0 0 0 0
2 1 1.0 1.9 1 0.0
2 1 0.9 0.95 0 0
0 0 0 0 0 0
0 0 0 0 0 0
0 0 0 0 0 0
2 0 0 0 1 0
1 1 0 0.95 0 0
1 2 1.0 0.95 0 0.30000001192092896
1 1 0.9 1.9 0 0.0
1 1 0 0.95 0 0
